[app/ui]
version = 9.4.1
modtime = 1741098094.252353000

[app/launcher]
version = 9.4.1
modtime = 1741098094.253416000
